0.43084 3
0.450884 3
0.521315 3
0.543246 3
0.614189 2
0.65863 3
0.731531 0
0.773956 2
0.852686 0
0.955553 1
0.412359 3
0.439368 3
0.519871 3
0.538467 3
0.612807 3
0.636581 3
0.73892 0
0.767306 3
0.861299 0
0.935666 1
0.402943 1
0.435049 1
0.47708 1
0.513048 1
0.578618 1
0.607445 1
0.746384 3
0.755674 3
0.869999 2
0.883331 2
0.429381 3
0.47625 3
0.508502 3
0.562849 3
0.599425 2
0.681182 3
0.708704 3
0.801461 2
0.833668 2
0.967069 1
0.431257 3
0.470116 3
0.512906 3
0.555922 3
0.604732 2
0.677372 3
0.71508 0
0.796213 2
0.835041 2
0.965971 1
0.430543 3
0.460931 3
0.516504 3
0.547053 3
0.609051 2
0.670352 3
0.722303 0
0.786806 2
0.84196 0
0.96308 1
0.424675 3
0.44668 3
0.518301 3
0.541486 3
0.611123 2
0.65788 3
0.729599 0
0.773294 2
0.850465 0
0.955474 1
0.39688 3
0.427328 3
0.514132 3
0.533763 3
0.609059 3
0.63463 3
0.736968 0
0.767019 3
0.859056 0
0.935459 1
0.372319 1
0.40452 1
0.451868 1
0.484847 1
0.563189 1
0.595625 1
0.744412 3
0.75475 3
0.867733 2
0.882787 2
0.391495 3
0.454008 3
0.486887 3
0.543002 3
0.579207 3
0.673091 3
0.704377 3
0.790235 2
0.830021 2
0.966434 1
0.368736 3
0.427526 3
0.473001 3
0.527483 3
0.565619 3
0.661215 3
0.700079 3
0.775107 2
0.825305 2
0.964299 1
0.346555 4
0.388107 4
0.447694 3
0.502617 3
0.53971 3
0.635375 3
0.690895 3
0.76388 3
0.814525 2
0.958682 1
0.3245 4
0.358 4
0.403719 4
0.472344 4
0.515594 4
0.579047 3
0.671438 3
0.751484 3
0.792625 2
0.9439 1
0.24 4
0.27 4
0.355 4
0.395 4
0.49625 4
0.50875 4
0.628125 3
0.724375 3
0.763125 3
0.905 2
0.0 0
0.0 0
0.0 0
0.0 0
0.3 4
0.3 4
0.55 4
0.65 3
0.725 3
0.775 3
0.295573 0
0.338712 0
0.35697 0
0.4019 0
0.424036 0
0.491037 0
0.512822 0
0.572891 0
0.618526 0
0.666666 0
0.299564 0
0.326908 0
0.353957 0
0.391942 0
0.423508 0
0.488672 0
0.514749 0
0.570929 0
0.610649 0
0.666665 0
0.313861 0
0.340188 0
0.371846 0
0.401236 0
0.451325 0
0.475295 0
0.531199 0
0.557324 0
0.643292 0
0.666662 0
0.308401 0
0.341969 0
0.366765 0
0.403665 0
0.44713 0
0.479534 0
0.526537 0
0.559641 0
0.64116 0
0.666655 0
0.300887 0
0.342016 0
0.36099 0
0.404429 0
0.440452 0
0.483754 0
0.520129 0
0.564062 0
0.636931 0
0.666639 0
0.291287 0
0.338537 0
0.355421 0
0.402022 0
0.430778 0
0.487083 0
0.513517 0
0.568195 0
0.629246 0
0.666597 0
0.281538 0
0.328041 0
0.347065 0
0.393931 0
0.419065 0
0.48811 0
0.510498 0
0.570021 0
0.617641 0
0.666492 0
0.276518 0
0.30597 0
0.3339 0
0.375769 0
0.413033 0
0.483307 0
0.509227 0
0.565998 0
0.608644 0
0.66623 0
0.286776 0
0.313058 0
0.349902 0
0.376233 0
0.436957 0
0.463855 0
0.518317 0
0.547262 0
0.638822 0
0.665574 0
0.262932 0
0.295758 0
0.331754 0
0.361375 0
0.419301 0
0.455259 0
0.505559 0
0.538134 0
0.630622 0
0.663936 0
0.229803 0
0.266393 0
0.301902 0
0.337819 0
0.387038 0
0.438068 0
0.488789 0
0.52003 0
0.612257 0
0.65984 0
0.1864 0
0.218288 0
0.252138 0
0.304838 0
0.332219 0
0.404275 0
0.458094 0
0.48555 0
0.57196 0
0.6496 0
0.108 0
0.142 0
0.158 0
0.2465 0
0.2515 0
0.33925 0
0.39375 0
0.42125 0
0.486 0
0.624 0
0.0 0
0.0 0
0.0 0
0.12 0
0.12 0
0.22 0
0.26 0
0.29 0
0.31 0
0.56 0
0.0 0
0.0 0
0.0 0
0.0 0
0.0 0
0.0 0
0.0 0
0.0 0
0.0 0
0.4 0
0.0 0
0.0 0